{
  "advancedEditorSelectedIdentifier" : "ShaderGraphEditorPluginID",
  "openSceneRelativePaths" : [
    "Immersive.usda"
  ],
  "recentIdentifiers" : {
    "1D572CEB-057A-41C3-B575-04C37501A3C0" : [

    ]
  },
  "sceneCameraHistory" : {
    "1D572CEB-057A-41C3-B575-04C37501A3C0" : [
      {
        "date" : 733346353.933927,
        "title" : "Untitled",
        "transform" : [
          -0.9798493,
          -9.922209e-09,
          0.19973814,
          0,
          0.017730623,
          0.9960522,
          0.08698063,
          0,
          -0.19894958,
          0.0887694,
          -0.9759811,
          0,
          0.2991291,
          1.5671774,
          -2.666873,
          1
        ]
      },
      {
        "date" : 733346350.603612,
        "title" : "Untitled",
        "transform" : [
          -0.9798493,
          -9.922209e-09,
          0.19973814,
          0,
          0.017730623,
          0.9960522,
          0.08698063,
          0,
          -0.19894958,
          0.0887694,
          -0.9759811,
          0,
          0.2903216,
          1.2942609,
          -2.7100792,
          1
        ]
      },
      {
        "date" : 733346348.291618,
        "title" : "Untitled",
        "transform" : [
          -0.9798493,
          -9.922209e-09,
          0.19973814,
          0,
          0.017730623,
          0.9960522,
          0.08698063,
          0,
          -0.19894958,
          0.0887694,
          -0.9759811,
          0,
          0.28125083,
          1.298308,
          -2.754577,
          1
        ]
      },
      {
        "date" : 733346307.798679,
        "title" : "Untitled",
        "transform" : [
          -0.95252883,
          -9.795311e-09,
          0.30444837,
          0,
          0.014589872,
          0.99885106,
          0.04564743,
          0,
          -0.30409855,
          0.047922358,
          -0.9514345,
          0,
          -0.043736935,
          1.1611556,
          -2.5645676,
          1
        ]
      },
      {
        "date" : 733346304.231924,
        "title" : "Untitled",
        "transform" : [
          -0.95252883,
          -9.795311e-09,
          0.30444837,
          0,
          0.014589872,
          0.99885106,
          0.04564743,
          0,
          -0.30409855,
          0.047922358,
          -0.9514345,
          0,
          -0.04864216,
          1.1619288,
          -2.5799146,
          1
        ]
      },
      {
        "date" : 733346297.429474,
        "title" : "Untitled",
        "transform" : [
          -0.95252883,
          -9.795311e-09,
          0.30444837,
          0,
          0.014589872,
          0.99885106,
          0.04564743,
          0,
          -0.30409855,
          0.047922358,
          -0.9514345,
          0,
          -0.9422631,
          0.869265,
          -3.7486262,
          1
        ]
      },
      {
        "date" : 733346295.563951,
        "title" : "Untitled",
        "transform" : [
          -0.95252883,
          -1.0105982e-08,
          0.30444834,
          0,
          0.014589874,
          0.99885106,
          0.04564743,
          0,
          -0.30409855,
          0.04792235,
          -0.95143443,
          0,
          -0.5216528,
          0.12350539,
          -1.3371109,
          1
        ]
      },
      {
        "date" : 733346293.145293,
        "title" : "Untitled",
        "transform" : [
          -0.95252883,
          -1.0105982e-08,
          0.30444834,
          0,
          0.014589874,
          0.99885106,
          0.04564743,
          0,
          -0.30409855,
          0.04792235,
          -0.95143443,
          0,
          -0.19600846,
          0.0707031,
          -0.61350197,
          1
        ]
      },
      {
        "date" : 733346093.655952,
        "title" : "Untitled",
        "transform" : [
          -0.95252883,
          -1.0105982e-08,
          0.30444834,
          0,
          0.014589874,
          0.99885106,
          0.04564743,
          0,
          -0.30409855,
          0.04792235,
          -0.95143443,
          0,
          -0.13804652,
          0.06130474,
          -0.4847058,
          1
        ]
      },
      {
        "date" : 733346050.456378,
        "title" : "Untitled",
        "transform" : [
          -0.98930246,
          -7.837334e-09,
          0.14587855,
          0,
          0.046670932,
          0.94744116,
          0.31650767,
          0,
          -0.13821134,
          0.3199301,
          -0.93730587,
          0,
          -0.05231259,
          0.19705632,
          -0.46495914,
          1
        ]
      }
    ],
    "60232F20-F836-4485-B6F7-1E4CE424FA40" : [
      {
        "date" : 733344050.436326,
        "title" : "Untitled",
        "transform" : [
          1,
          0,
          -0,
          0,
          -0,
          0.8660254,
          -0.5,
          0,
          0,
          0.5,
          0.8660254,
          0,
          0,
          0.26100686,
          0.45207718,
          1
        ]
      }
    ]
  },
  "selectedSceneRelativePath" : "Immersive.usda"
}