{
  "advancedEditorSelectedIdentifier" : "ShaderGraphEditorPluginID",
  "openSceneRelativePaths" : [
    "GridMaterials.usda"
  ],
  "recentIdentifiers" : {
    "1D572CEB-057A-41C3-B575-04C37501A3C0" : [

    ],
    "3C6ECCAF-AC2A-47F2-B7B7-B46C65BFBE0F" : [

    ],
    "384AADEA-C627-4D5C-A002-C25401B99A22" : [

    ],
    "713D4846-4943-4D30-B97D-6EA790A9972A" : [

    ],
    "883D7564-6F68-4163-B7A8-32847E43A4F3" : [

    ],
    "60232F20-F836-4485-B6F7-1E4CE424FA40" : [

    ],
    "A21C1E11-ABB0-4972-8159-55AD3A9AA5B3" : [

    ],
    "CED1B227-898B-4D2D-9D02-3AC91A75D4C5" : [

    ],
    "D66134B1-3681-4A8E-AFE5-29F257229F3B" : [

    ],
    "E287FC9B-F8C8-4B96-98D1-F7FE5FD7F407" : [

    ]
  },
  "sceneCameraHistory" : {
    "1D572CEB-057A-41C3-B575-04C37501A3C0" : [
      {
        "date" : 733366598.459159,
        "title" : "Untitled",
        "transform" : [
          0.87854457,
          -1.8183917e-08,
          0.47766045,
          0,
          0.06820115,
          0.98975426,
          -0.12544,
          0,
          -0.47276643,
          0.14278162,
          0.8695432,
          0,
          -1.468819,
          1.1009411,
          2.0135627,
          1
        ]
      },
      {
        "date" : 733363882.385639,
        "title" : "Untitled",
        "transform" : [
          0.87854457,
          -2.3528504e-08,
          0.4776604,
          0,
          0.06820115,
          0.9897542,
          -0.12544,
          0,
          -0.4727664,
          0.14278169,
          0.8695432,
          0,
          -0.17308025,
          0.03150268,
          0.31364876,
          1
        ]
      },
      {
        "date" : 733363785.765915,
        "title" : "Untitled",
        "transform" : [
          0.9902825,
          -1.361534e-08,
          0.13907072,
          0,
          0.06730462,
          0.87509036,
          -0.47925672,
          0,
          -0.12169943,
          0.48395965,
          0.8665866,
          0,
          -0.047260195,
          0.15629423,
          0.3204112,
          1
        ]
      },
      {
        "date" : 733363719.066812,
        "title" : "Untitled",
        "transform" : [
          0.9902825,
          -9.592437e-09,
          0.13907072,
          0,
          0.067304626,
          0.87509036,
          -0.47925678,
          0,
          -0.12169943,
          0.4839597,
          0.8665866,
          0,
          -0.5225553,
          1.5911754,
          -1.3290316,
          1
        ]
      },
      {
        "date" : 733363714.791399,
        "title" : "Untitled",
        "transform" : [
          0.9902825,
          -9.592437e-09,
          0.13907072,
          0,
          0.067304626,
          0.87509036,
          -0.47925678,
          0,
          -0.12169943,
          0.4839597,
          0.8665866,
          0,
          -0.54726034,
          1.6562941,
          -1.1795895,
          1
        ]
      },
      {
        "date" : 733363707.21695,
        "title" : "Untitled",
        "transform" : [
          0.9902825,
          -4.892199e-09,
          0.1390707,
          0,
          0.067304626,
          0.87509036,
          -0.47925684,
          0,
          -0.12169943,
          0.48395976,
          0.86658657,
          0,
          -0.029388616,
          0.11686912,
          0.20926803,
          1
        ]
      },
      {
        "date" : 733363355.773133,
        "title" : "Untitled",
        "transform" : [
          1,
          0,
          -0,
          0,
          -0,
          0.7071069,
          -0.7071067,
          0,
          0,
          0.7071067,
          0.7071069,
          0,
          2.9802322e-08,
          0.2525618,
          0.25256205,
          1
        ]
      },
      {
        "date" : 733363353.503531,
        "title" : "Untitled",
        "transform" : [
          1,
          0,
          -0,
          0,
          -0,
          0.7071069,
          -0.7071067,
          0,
          0,
          0.7071067,
          0.7071069,
          0,
          2.9802322e-08,
          2.8967762,
          1.3967766,
          1
        ]
      },
      {
        "date" : 733363256.205382,
        "title" : "Untitled",
        "transform" : [
          0.85951614,
          -3.0147806e-08,
          -0.51110864,
          0,
          -0.055093914,
          0.9941734,
          -0.092649855,
          0,
          0.50813055,
          0.107793026,
          0.85450804,
          0,
          0.20528376,
          -0.038826168,
          0.33389425,
          1
        ]
      },
      {
        "date" : 733363253.702709,
        "title" : "Untitled",
        "transform" : [
          0.85951614,
          -3.0147806e-08,
          -0.51110864,
          0,
          -0.055093914,
          0.9941734,
          -0.092649855,
          0,
          0.50813055,
          0.107793026,
          0.85450804,
          0,
          1.6315991,
          0.9920376,
          2.062569,
          1
        ]
      }
    ],
    "3C6ECCAF-AC2A-47F2-B7B7-B46C65BFBE0F" : [
      {
        "date" : 733347757.817064,
        "title" : "Untitled",
        "transform" : [
          0.99999994,
          0,
          -0,
          0,
          -0,
          0.8660254,
          -0.49999994,
          0,
          0,
          0.49999994,
          0.8660254,
          0,
          0,
          0.25326023,
          0.43865964,
          1
        ]
      }
    ],
    "9AEF82AE-4EEC-449D-B302-730ACB477C72" : [
      {
        "date" : 733358910.69773,
        "title" : "Untitled",
        "transform" : [
          0.99999994,
          0,
          -0,
          0,
          -0,
          0.8660254,
          -0.49999988,
          0,
          0,
          0.49999988,
          0.8660254,
          0,
          0,
          0.2526776,
          0.4376505,
          1
        ]
      }
    ],
    "34D00AF5-6FF3-4955-8480-BD20068B0C80" : [
      {
        "date" : 733358990.638032,
        "title" : "Untitled",
        "transform" : [
          0.99999994,
          0,
          -0,
          0,
          -0,
          0.8660254,
          -0.49999988,
          0,
          0,
          0.49999988,
          0.8660254,
          0,
          0,
          0.2526776,
          0.4376505,
          1
        ]
      }
    ],
    "384AADEA-C627-4D5C-A002-C25401B99A22" : [
      {
        "date" : 733676771.402646,
        "title" : "Untitled",
        "transform" : [
          0.9998898,
          -2.9762304e-13,
          0.014843433,
          0,
          0.00022608036,
          0.99988407,
          -0.015229318,
          0,
          -0.014841711,
          0.015230993,
          0.99977386,
          0,
          -0.3538065,
          0.033877946,
          1.0036343,
          1
        ]
      },
      {
        "date" : 733651393.53611,
        "title" : "Untitled",
        "transform" : [
          0.9998898,
          -2.9762304e-13,
          0.014843433,
          0,
          0.00022608036,
          0.99988407,
          -0.015229318,
          0,
          -0.014841711,
          0.015230993,
          0.99977386,
          0,
          -0.014977873,
          0.015370584,
          1.0089462,
          1
        ]
      },
      {
        "date" : 733651389.667168,
        "title" : "Untitled",
        "transform" : [
          1,
          0,
          0,
          0,
          0,
          0.8660253,
          -0.5000001,
          0,
          0,
          0.5000001,
          0.8660253,
          0,
          0,
          0.5045872,
          0.8739706,
          1
        ]
      },
      {
        "date" : 733366337.787621,
        "title" : "Untitled",
        "transform" : [
          1,
          0,
          -0,
          0,
          -0,
          0.8660253,
          -0.5000001,
          0,
          0,
          0.5000001,
          0.8660253,
          0,
          0,
          0.5045872,
          0.8739706,
          1
        ]
      }
    ],
    "713D4846-4943-4D30-B97D-6EA790A9972A" : [
      {
        "date" : 733560919.67919,
        "title" : "Untitled",
        "transform" : [
          0.9996788,
          0,
          0.025342131,
          0,
          0.012671065,
          0.8660254,
          -0.49983937,
          0,
          -0.021946931,
          0.49999994,
          0.8657473,
          0,
          -0.27014154,
          0.4781284,
          0.84283894,
          1
        ]
      },
      {
        "date" : 733514541.406617,
        "title" : "Untitled",
        "transform" : [
          0.9996788,
          0,
          0.025342131,
          0,
          0.012671065,
          0.8660254,
          -0.49983937,
          0,
          -0.021946931,
          0.49999994,
          0.8657473,
          0,
          -0.25813615,
          0.47942638,
          0.84239364,
          1
        ]
      },
      {
        "date" : 733480465.848244,
        "title" : "Untitled",
        "transform" : [
          0.9996788,
          0,
          0.025342131,
          0,
          0.012671065,
          0.8660254,
          -0.49983937,
          0,
          -0.021946931,
          0.49999994,
          0.8657473,
          0,
          -0.2583642,
          0.48462215,
          0.85139,
          1
        ]
      },
      {
        "date" : 733422317.404976,
        "title" : "Untitled",
        "transform" : [
          0.9996788,
          0,
          0.025342131,
          0,
          0.012671065,
          0.8660254,
          -0.49983937,
          0,
          -0.021946931,
          0.49999994,
          0.8657473,
          0,
          -0.25852847,
          0.48836488,
          0.85787046,
          1
        ]
      },
      {
        "date" : 733422313.437156,
        "title" : "Untitled",
        "transform" : [
          0.9996788,
          0,
          0.025342131,
          0,
          0.012671065,
          0.8660254,
          -0.49983937,
          0,
          -0.021946931,
          0.49999994,
          0.8657473,
          0,
          0.2586703,
          0.249749,
          0.43871355,
          1
        ]
      },
      {
        "date" : 733422260.285867,
        "title" : "Untitled",
        "transform" : [
          0.99999994,
          0,
          0,
          0,
          0,
          0.8660254,
          -0.49999994,
          0,
          0,
          0.49999994,
          0.8660254,
          0,
          0,
          0.37695268,
          0.68265474,
          1
        ]
      },
      {
        "date" : 733422223.470845,
        "title" : "Untitled",
        "transform" : [
          0.99999994,
          0,
          -0,
          0,
          -0,
          0.8660254,
          -0.49999994,
          0,
          0,
          0.49999994,
          0.8660254,
          0,
          0,
          0.15516369,
          0.29850498,
          1
        ]
      },
      {
        "date" : 733422067.040916,
        "title" : "Untitled",
        "transform" : [
          0.99999994,
          0,
          -0,
          0,
          -0,
          0.8660254,
          -0.49999994,
          0,
          0,
          0.49999994,
          0.8660254,
          0,
          0,
          0.15516368,
          0.29850495,
          1
        ]
      },
      {
        "date" : 733369648.860475,
        "title" : "Untitled",
        "transform" : [
          0.99999994,
          0,
          -0,
          0,
          -0,
          0.8660254,
          -0.49999994,
          0,
          0,
          0.49999994,
          0.8660254,
          0,
          0,
          0.24679519,
          0.42746186,
          1
        ]
      }
    ],
    "883D7564-6F68-4163-B7A8-32847E43A4F3" : [
      {
        "date" : 733358550.127591,
        "title" : "Untitled",
        "transform" : [
          0.9937293,
          -1.2809649e-09,
          0.1118131,
          0,
          -0.0031934788,
          0.9995921,
          0.02838178,
          0,
          -0.11176747,
          -0.028560873,
          0.99332386,
          0,
          -0.022141725,
          -0.004175976,
          0.18032241,
          1
        ]
      },
      {
        "date" : 733358516.834379,
        "title" : "Untitled",
        "transform" : [
          0.9937292,
          -1.6831931e-09,
          0.111813106,
          0,
          -0.0031934776,
          0.9995921,
          0.028381782,
          0,
          -0.1117675,
          -0.028560853,
          0.99332386,
          0,
          -0.27344733,
          0.06827728,
          2.6203344,
          1
        ]
      },
      {
        "date" : 733354865.745776,
        "title" : "Untitled",
        "transform" : [
          -0.019308615,
          3.2050318e-09,
          0.9998135,
          0,
          0.95026565,
          0.31089935,
          0.018351736,
          0,
          -0.31084135,
          0.95044273,
          -0.0060030106,
          0,
          -0.3386927,
          2.3372822,
          0.18217562,
          1
        ]
      },
      {
        "date" : 733354511.902153,
        "title" : "Untitled",
        "transform" : [
          0.95551383,
          4.235251e-09,
          0.29494622,
          0,
          0.013838107,
          0.9988987,
          -0.04483023,
          0,
          -0.2946214,
          0.046917405,
          0.9544616,
          0,
          -0.60953486,
          0.25887805,
          2.614376,
          1
        ]
      },
      {
        "date" : 733354458.99188,
        "title" : "Untitled",
        "transform" : [
          0.8132318,
          4.0933297e-09,
          0.58194005,
          0,
          0.020012489,
          0.9994085,
          -0.027966447,
          0,
          -0.58159584,
          0.03438928,
          0.8127508,
          0,
          -1.548941,
          0.21989092,
          2.2668698,
          1
        ]
      },
      {
        "date" : 733354348.439064,
        "title" : "Untitled",
        "transform" : [
          0.994793,
          4.383415e-09,
          0.101916656,
          0,
          0.0025686824,
          0.9996823,
          -0.025072543,
          0,
          -0.101884305,
          0.02520379,
          0.994477,
          0,
          -0.22071904,
          0.19465762,
          2.7385507,
          1
        ]
      },
      {
        "date" : 733354179.767515,
        "title" : "Untitled",
        "transform" : [
          0.976659,
          5.515272e-09,
          0.21479575,
          0,
          0.04108087,
          0.9815404,
          -0.18679143,
          0,
          -0.2108307,
          0.19125554,
          0.9586302,
          0,
          -0.50057304,
          0.64288366,
          2.5532317,
          1
        ]
      },
      {
        "date" : 733351844.606379,
        "title" : "Untitled",
        "transform" : [
          0.99999994,
          0,
          -0,
          0,
          -0,
          0.8660254,
          -0.49999994,
          0,
          0,
          0.49999994,
          0.8660254,
          0,
          0,
          0.25326023,
          0.43865964,
          1
        ]
      }
    ],
    "60232F20-F836-4485-B6F7-1E4CE424FA40" : [
      {
        "date" : 733362387.957477,
        "title" : "Untitled",
        "transform" : [
          1,
          0,
          -0,
          0,
          -0,
          0.8660254,
          -0.5,
          0,
          0,
          0.5,
          0.8660254,
          0,
          0,
          0.07997608,
          0.15301514,
          1
        ]
      },
      {
        "date" : 733344050.436326,
        "title" : "Untitled",
        "transform" : [
          1,
          0,
          -0,
          0,
          -0,
          0.8660254,
          -0.5,
          0,
          0,
          0.5,
          0.8660254,
          0,
          0,
          0.26100686,
          0.45207718,
          1
        ]
      }
    ],
    "A21C1E11-ABB0-4972-8159-55AD3A9AA5B3" : [
      {
        "date" : 733358551.139428,
        "title" : "Untitled",
        "transform" : [
          0.99999994,
          0,
          -0,
          0,
          -0,
          0.8660254,
          -0.49999988,
          0,
          0,
          0.49999988,
          0.8660254,
          0,
          0,
          0.2526776,
          0.4376505,
          1
        ]
      }
    ],
    "CED1B227-898B-4D2D-9D02-3AC91A75D4C5" : [
      {
        "date" : 733362330.838851,
        "title" : "Untitled",
        "transform" : [
          0.99999994,
          0,
          -0,
          0,
          -0,
          0.8660254,
          -0.49999988,
          0,
          0,
          0.49999988,
          0.8660254,
          0,
          -4.1763464e-09,
          0.07997607,
          0.15301515,
          1
        ]
      },
      {
        "date" : 733362260.24423,
        "title" : "Untitled",
        "transform" : [
          0.99999994,
          0,
          -0,
          0,
          -0,
          0.8660254,
          -0.49999988,
          0,
          0,
          0.49999988,
          0.8660254,
          0,
          -4.1429246e-08,
          0.07997611,
          0.1530152,
          1
        ]
      },
      {
        "date" : 733362203.191538,
        "title" : "Untitled",
        "transform" : [
          0.99999994,
          0,
          0,
          0,
          0,
          0.8660254,
          -0.49999988,
          0,
          0,
          0.49999988,
          0.8660254,
          0,
          1.3738467e-07,
          0.49157172,
          0.9405055,
          1
        ]
      },
      {
        "date" : 733362201.371023,
        "title" : "Untitled",
        "transform" : [
          0.99999994,
          0,
          0,
          0,
          0,
          0.8660254,
          -0.49999988,
          0,
          0,
          0.49999988,
          0.8660254,
          0,
          8.158453e-08,
          0.291915,
          0.5585099,
          1
        ]
      },
      {
        "date" : 733361165.636361,
        "title" : "Untitled",
        "transform" : [
          0.99999994,
          0,
          -0,
          0,
          -0,
          0.8660254,
          -0.49999988,
          0,
          0,
          0.49999988,
          0.8660254,
          0,
          2.2351742e-08,
          0.07997605,
          0.15301514,
          1
        ]
      },
      {
        "date" : 733361138.057968,
        "title" : "Untitled",
        "transform" : [
          0.99999994,
          0,
          -0,
          0,
          -0,
          0.8660254,
          -0.49999988,
          0,
          0,
          0.49999988,
          0.8660254,
          0,
          -0.019384226,
          0.2524841,
          0.43731537,
          1
        ]
      },
      {
        "date" : 733359878.524117,
        "title" : "Untitled",
        "transform" : [
          0.99999994,
          0,
          -0,
          0,
          -0,
          0.8660254,
          -0.49999988,
          0,
          0,
          0.49999988,
          0.8660254,
          0,
          -0.01506266,
          0.2524841,
          0.43731537,
          1
        ]
      },
      {
        "date" : 733359840.879674,
        "title" : "Untitled",
        "transform" : [
          0.99999994,
          0,
          -0,
          0,
          -0,
          0.8660254,
          -0.49999988,
          0,
          0,
          0.49999988,
          0.8660254,
          0,
          -0.0069331373,
          0.2524841,
          0.43731537,
          1
        ]
      },
      {
        "date" : 733359248.917887,
        "title" : "Untitled",
        "transform" : [
          0.99999994,
          0,
          -0,
          0,
          -0,
          0.8660254,
          -0.49999988,
          0,
          0,
          0.49999988,
          0.8660254,
          0,
          0,
          0.2524841,
          0.43731537,
          1
        ]
      }
    ],
    "D66134B1-3681-4A8E-AFE5-29F257229F3B" : [
      {
        "date" : 733353671.662852,
        "title" : "Untitled",
        "transform" : [
          0.99999994,
          0,
          -0,
          0,
          -0,
          0.86602527,
          -0.5000003,
          0,
          0,
          0.5000003,
          0.86602527,
          0,
          0,
          0.50651604,
          0.87731147,
          1
        ]
      }
    ],
    "E4F717A7-DC89-4D13-8699-C12C4FC27AA7" : [
      {
        "date" : 733358661.818683,
        "title" : "Untitled",
        "transform" : [
          0.99999994,
          0,
          -0,
          0,
          -0,
          0.8660254,
          -0.49999988,
          0,
          0,
          0.49999988,
          0.8660254,
          0,
          0,
          0.2526776,
          0.4376505,
          1
        ]
      }
    ],
    "E287FC9B-F8C8-4B96-98D1-F7FE5FD7F407" : [
      {
        "date" : 733676862.165648,
        "title" : "Untitled",
        "transform" : [
          0.8859542,
          5.8916605e-09,
          0.4637729,
          0,
          0.111110985,
          0.9708764,
          -0.21225743,
          0,
          -0.45026624,
          0.23958059,
          0.86015195,
          0,
          -3.4882002,
          2.2792563,
          5.079719,
          1
        ]
      },
      {
        "date" : 733676739.068879,
        "title" : "Untitled",
        "transform" : [
          0.8859542,
          5.8916605e-09,
          0.4637729,
          0,
          0.111110985,
          0.9708764,
          -0.21225743,
          0,
          -0.45026624,
          0.23958059,
          0.86015195,
          0,
          -3.694054,
          2.6772714,
          4.8611,
          1
        ]
      },
      {
        "date" : 733651531.910849,
        "title" : "Untitled",
        "transform" : [
          0.8859542,
          5.8916605e-09,
          0.4637729,
          0,
          0.111110985,
          0.9708764,
          -0.21225743,
          0,
          -0.45026624,
          0.23958059,
          0.86015195,
          0,
          -2.7433774,
          2.9082391,
          5.294421,
          1
        ]
      },
      {
        "date" : 733651471.374839,
        "title" : "Untitled",
        "transform" : [
          0.8863774,
          -1.9963475e-09,
          0.4629634,
          0,
          -0.0943025,
          0.9790347,
          0.18054906,
          0,
          -0.45325726,
          -0.20369321,
          0.8677943,
          0,
          -3.2161403,
          -1.0265701,
          5.8087583,
          1
        ]
      },
      {
        "date" : 733651431.865631,
        "title" : "Untitled",
        "transform" : [
          0.8863774,
          -1.9963475e-09,
          0.4629634,
          0,
          -0.0943025,
          0.9790347,
          0.18054906,
          0,
          -0.45325726,
          -0.20369321,
          0.8677943,
          0,
          -0.8720913,
          -0.2783656,
          1.5751078,
          1
        ]
      },
      {
        "date" : 733651404.761654,
        "title" : "Untitled",
        "transform" : [
          0.88637733,
          2.0932234e-10,
          0.46296334,
          0,
          -0.0943025,
          0.9790347,
          0.18054906,
          0,
          -0.45325723,
          -0.20369324,
          0.86779433,
          0,
          -5.0767565,
          -2.442858,
          5.0007687,
          1
        ]
      },
      {
        "date" : 733476784.352922,
        "title" : "Untitled",
        "transform" : [
          0.88637733,
          2.0932234e-10,
          0.46296334,
          0,
          -0.0943025,
          0.9790347,
          0.18054906,
          0,
          -0.45325723,
          -0.20369324,
          0.86779433,
          0,
          -10.17452,
          -4.393755,
          10.022229,
          1
        ]
      },
      {
        "date" : 733442986.899267,
        "title" : "Untitled",
        "transform" : [
          0.88637733,
          2.0932234e-10,
          0.46296334,
          0,
          -0.0943025,
          0.9790347,
          0.18054906,
          0,
          -0.45325723,
          -0.20369324,
          0.86779433,
          0,
          -0.79894876,
          -0.34501728,
          0.7869903,
          1
        ]
      },
      {
        "date" : 733442976.899423,
        "title" : "Untitled",
        "transform" : [
          0.88637733,
          2.0932234e-10,
          0.46296334,
          0,
          -0.0943025,
          0.9790347,
          0.18054906,
          0,
          -0.45325723,
          -0.20369324,
          0.86779433,
          0,
          -0.7903881,
          -0.34501776,
          0.7914615,
          1
        ]
      },
      {
        "date" : 733442975.097158,
        "title" : "Untitled",
        "transform" : [
          0.88592774,
          7.230354e-10,
          0.46382338,
          0,
          -0.096150704,
          0.9782774,
          0.183653,
          0,
          -0.45374802,
          -0.20730023,
          0.8666831,
          0,
          -0.79056275,
          -0.3489497,
          0.78956115,
          1
        ]
      }
    ]
  },
  "selectedSceneRelativePath" : "GridMaterials.usda"
}