{
  "advancedEditorSelectedIdentifier" : "ProjectBrowser",
  "openSceneRelativePaths" : [
    "Immersive.usda"
  ],
  "recentIdentifiers" : {
    "1D572CEB-057A-41C3-B575-04C37501A3C0" : [

    ],
    "3C6ECCAF-AC2A-47F2-B7B7-B46C65BFBE0F" : [

    ],
    "883D7564-6F68-4163-B7A8-32847E43A4F3" : [

    ],
    "60232F20-F836-4485-B6F7-1E4CE424FA40" : [

    ],
    "A21C1E11-ABB0-4972-8159-55AD3A9AA5B3" : [

    ],
    "CED1B227-898B-4D2D-9D02-3AC91A75D4C5" : [

    ],
    "D66134B1-3681-4A8E-AFE5-29F257229F3B" : [

    ]
  },
  "sceneCameraHistory" : {
    "1D572CEB-057A-41C3-B575-04C37501A3C0" : [
      {
        "date" : 733366598.459159,
        "title" : "Untitled",
        "transform" : [
          0.87854457,
          -1.8183917e-08,
          0.47766045,
          0,
          0.06820115,
          0.98975426,
          -0.12544,
          0,
          -0.47276643,
          0.14278162,
          0.8695432,
          0,
          -1.468819,
          1.1009411,
          2.0135627,
          1
        ]
      },
      {
        "date" : 733363882.385639,
        "title" : "Untitled",
        "transform" : [
          0.87854457,
          -2.3528504e-08,
          0.4776604,
          0,
          0.06820115,
          0.9897542,
          -0.12544,
          0,
          -0.4727664,
          0.14278169,
          0.8695432,
          0,
          -0.17308025,
          0.03150268,
          0.31364876,
          1
        ]
      },
      {
        "date" : 733363785.765915,
        "title" : "Untitled",
        "transform" : [
          0.9902825,
          -1.361534e-08,
          0.13907072,
          0,
          0.06730462,
          0.87509036,
          -0.47925672,
          0,
          -0.12169943,
          0.48395965,
          0.8665866,
          0,
          -0.047260195,
          0.15629423,
          0.3204112,
          1
        ]
      },
      {
        "date" : 733363719.066812,
        "title" : "Untitled",
        "transform" : [
          0.9902825,
          -9.592437e-09,
          0.13907072,
          0,
          0.067304626,
          0.87509036,
          -0.47925678,
          0,
          -0.12169943,
          0.4839597,
          0.8665866,
          0,
          -0.5225553,
          1.5911754,
          -1.3290316,
          1
        ]
      },
      {
        "date" : 733363714.791399,
        "title" : "Untitled",
        "transform" : [
          0.9902825,
          -9.592437e-09,
          0.13907072,
          0,
          0.067304626,
          0.87509036,
          -0.47925678,
          0,
          -0.12169943,
          0.4839597,
          0.8665866,
          0,
          -0.54726034,
          1.6562941,
          -1.1795895,
          1
        ]
      },
      {
        "date" : 733363707.21695,
        "title" : "Untitled",
        "transform" : [
          0.9902825,
          -4.892199e-09,
          0.1390707,
          0,
          0.067304626,
          0.87509036,
          -0.47925684,
          0,
          -0.12169943,
          0.48395976,
          0.86658657,
          0,
          -0.029388616,
          0.11686912,
          0.20926803,
          1
        ]
      },
      {
        "date" : 733363355.773133,
        "title" : "Untitled",
        "transform" : [
          1,
          0,
          -0,
          0,
          -0,
          0.7071069,
          -0.7071067,
          0,
          0,
          0.7071067,
          0.7071069,
          0,
          2.9802322e-08,
          0.2525618,
          0.25256205,
          1
        ]
      },
      {
        "date" : 733363353.503531,
        "title" : "Untitled",
        "transform" : [
          1,
          0,
          -0,
          0,
          -0,
          0.7071069,
          -0.7071067,
          0,
          0,
          0.7071067,
          0.7071069,
          0,
          2.9802322e-08,
          2.8967762,
          1.3967766,
          1
        ]
      },
      {
        "date" : 733363256.205382,
        "title" : "Untitled",
        "transform" : [
          0.85951614,
          -3.0147806e-08,
          -0.51110864,
          0,
          -0.055093914,
          0.9941734,
          -0.092649855,
          0,
          0.50813055,
          0.107793026,
          0.85450804,
          0,
          0.20528376,
          -0.038826168,
          0.33389425,
          1
        ]
      },
      {
        "date" : 733363253.702709,
        "title" : "Untitled",
        "transform" : [
          0.85951614,
          -3.0147806e-08,
          -0.51110864,
          0,
          -0.055093914,
          0.9941734,
          -0.092649855,
          0,
          0.50813055,
          0.107793026,
          0.85450804,
          0,
          1.6315991,
          0.9920376,
          2.062569,
          1
        ]
      }
    ],
    "3C6ECCAF-AC2A-47F2-B7B7-B46C65BFBE0F" : [
      {
        "date" : 733347757.817064,
        "title" : "Untitled",
        "transform" : [
          0.99999994,
          0,
          -0,
          0,
          -0,
          0.8660254,
          -0.49999994,
          0,
          0,
          0.49999994,
          0.8660254,
          0,
          0,
          0.25326023,
          0.43865964,
          1
        ]
      }
    ],
    "9AEF82AE-4EEC-449D-B302-730ACB477C72" : [
      {
        "date" : 733358910.69773,
        "title" : "Untitled",
        "transform" : [
          0.99999994,
          0,
          -0,
          0,
          -0,
          0.8660254,
          -0.49999988,
          0,
          0,
          0.49999988,
          0.8660254,
          0,
          0,
          0.2526776,
          0.4376505,
          1
        ]
      }
    ],
    "34D00AF5-6FF3-4955-8480-BD20068B0C80" : [
      {
        "date" : 733358990.638032,
        "title" : "Untitled",
        "transform" : [
          0.99999994,
          0,
          -0,
          0,
          -0,
          0.8660254,
          -0.49999988,
          0,
          0,
          0.49999988,
          0.8660254,
          0,
          0,
          0.2526776,
          0.4376505,
          1
        ]
      }
    ],
    "384AADEA-C627-4D5C-A002-C25401B99A22" : [
      {
        "date" : 733366337.787621,
        "title" : "Untitled",
        "transform" : [
          1,
          0,
          -0,
          0,
          -0,
          0.8660253,
          -0.5000001,
          0,
          0,
          0.5000001,
          0.8660253,
          0,
          0,
          0.5045872,
          0.8739706,
          1
        ]
      }
    ],
    "883D7564-6F68-4163-B7A8-32847E43A4F3" : [
      {
        "date" : 733358550.127591,
        "title" : "Untitled",
        "transform" : [
          0.9937293,
          -1.2809649e-09,
          0.1118131,
          0,
          -0.0031934788,
          0.9995921,
          0.02838178,
          0,
          -0.11176747,
          -0.028560873,
          0.99332386,
          0,
          -0.022141725,
          -0.004175976,
          0.18032241,
          1
        ]
      },
      {
        "date" : 733358516.834379,
        "title" : "Untitled",
        "transform" : [
          0.9937292,
          -1.6831931e-09,
          0.111813106,
          0,
          -0.0031934776,
          0.9995921,
          0.028381782,
          0,
          -0.1117675,
          -0.028560853,
          0.99332386,
          0,
          -0.27344733,
          0.06827728,
          2.6203344,
          1
        ]
      },
      {
        "date" : 733354865.745776,
        "title" : "Untitled",
        "transform" : [
          -0.019308615,
          3.2050318e-09,
          0.9998135,
          0,
          0.95026565,
          0.31089935,
          0.018351736,
          0,
          -0.31084135,
          0.95044273,
          -0.0060030106,
          0,
          -0.3386927,
          2.3372822,
          0.18217562,
          1
        ]
      },
      {
        "date" : 733354511.902153,
        "title" : "Untitled",
        "transform" : [
          0.95551383,
          4.235251e-09,
          0.29494622,
          0,
          0.013838107,
          0.9988987,
          -0.04483023,
          0,
          -0.2946214,
          0.046917405,
          0.9544616,
          0,
          -0.60953486,
          0.25887805,
          2.614376,
          1
        ]
      },
      {
        "date" : 733354458.99188,
        "title" : "Untitled",
        "transform" : [
          0.8132318,
          4.0933297e-09,
          0.58194005,
          0,
          0.020012489,
          0.9994085,
          -0.027966447,
          0,
          -0.58159584,
          0.03438928,
          0.8127508,
          0,
          -1.548941,
          0.21989092,
          2.2668698,
          1
        ]
      },
      {
        "date" : 733354348.439064,
        "title" : "Untitled",
        "transform" : [
          0.994793,
          4.383415e-09,
          0.101916656,
          0,
          0.0025686824,
          0.9996823,
          -0.025072543,
          0,
          -0.101884305,
          0.02520379,
          0.994477,
          0,
          -0.22071904,
          0.19465762,
          2.7385507,
          1
        ]
      },
      {
        "date" : 733354179.767515,
        "title" : "Untitled",
        "transform" : [
          0.976659,
          5.515272e-09,
          0.21479575,
          0,
          0.04108087,
          0.9815404,
          -0.18679143,
          0,
          -0.2108307,
          0.19125554,
          0.9586302,
          0,
          -0.50057304,
          0.64288366,
          2.5532317,
          1
        ]
      },
      {
        "date" : 733351844.606379,
        "title" : "Untitled",
        "transform" : [
          0.99999994,
          0,
          -0,
          0,
          -0,
          0.8660254,
          -0.49999994,
          0,
          0,
          0.49999994,
          0.8660254,
          0,
          0,
          0.25326023,
          0.43865964,
          1
        ]
      }
    ],
    "60232F20-F836-4485-B6F7-1E4CE424FA40" : [
      {
        "date" : 733362387.957477,
        "title" : "Untitled",
        "transform" : [
          1,
          0,
          -0,
          0,
          -0,
          0.8660254,
          -0.5,
          0,
          0,
          0.5,
          0.8660254,
          0,
          0,
          0.07997608,
          0.15301514,
          1
        ]
      },
      {
        "date" : 733344050.436326,
        "title" : "Untitled",
        "transform" : [
          1,
          0,
          -0,
          0,
          -0,
          0.8660254,
          -0.5,
          0,
          0,
          0.5,
          0.8660254,
          0,
          0,
          0.26100686,
          0.45207718,
          1
        ]
      }
    ],
    "A21C1E11-ABB0-4972-8159-55AD3A9AA5B3" : [
      {
        "date" : 733358551.139428,
        "title" : "Untitled",
        "transform" : [
          0.99999994,
          0,
          -0,
          0,
          -0,
          0.8660254,
          -0.49999988,
          0,
          0,
          0.49999988,
          0.8660254,
          0,
          0,
          0.2526776,
          0.4376505,
          1
        ]
      }
    ],
    "CED1B227-898B-4D2D-9D02-3AC91A75D4C5" : [
      {
        "date" : 733362330.838851,
        "title" : "Untitled",
        "transform" : [
          0.99999994,
          0,
          -0,
          0,
          -0,
          0.8660254,
          -0.49999988,
          0,
          0,
          0.49999988,
          0.8660254,
          0,
          -4.1763464e-09,
          0.07997607,
          0.15301515,
          1
        ]
      },
      {
        "date" : 733362260.24423,
        "title" : "Untitled",
        "transform" : [
          0.99999994,
          0,
          -0,
          0,
          -0,
          0.8660254,
          -0.49999988,
          0,
          0,
          0.49999988,
          0.8660254,
          0,
          -4.1429246e-08,
          0.07997611,
          0.1530152,
          1
        ]
      },
      {
        "date" : 733362203.191538,
        "title" : "Untitled",
        "transform" : [
          0.99999994,
          0,
          0,
          0,
          0,
          0.8660254,
          -0.49999988,
          0,
          0,
          0.49999988,
          0.8660254,
          0,
          1.3738467e-07,
          0.49157172,
          0.9405055,
          1
        ]
      },
      {
        "date" : 733362201.371023,
        "title" : "Untitled",
        "transform" : [
          0.99999994,
          0,
          0,
          0,
          0,
          0.8660254,
          -0.49999988,
          0,
          0,
          0.49999988,
          0.8660254,
          0,
          8.158453e-08,
          0.291915,
          0.5585099,
          1
        ]
      },
      {
        "date" : 733361165.636361,
        "title" : "Untitled",
        "transform" : [
          0.99999994,
          0,
          -0,
          0,
          -0,
          0.8660254,
          -0.49999988,
          0,
          0,
          0.49999988,
          0.8660254,
          0,
          2.2351742e-08,
          0.07997605,
          0.15301514,
          1
        ]
      },
      {
        "date" : 733361138.057968,
        "title" : "Untitled",
        "transform" : [
          0.99999994,
          0,
          -0,
          0,
          -0,
          0.8660254,
          -0.49999988,
          0,
          0,
          0.49999988,
          0.8660254,
          0,
          -0.019384226,
          0.2524841,
          0.43731537,
          1
        ]
      },
      {
        "date" : 733359878.524117,
        "title" : "Untitled",
        "transform" : [
          0.99999994,
          0,
          -0,
          0,
          -0,
          0.8660254,
          -0.49999988,
          0,
          0,
          0.49999988,
          0.8660254,
          0,
          -0.01506266,
          0.2524841,
          0.43731537,
          1
        ]
      },
      {
        "date" : 733359840.879674,
        "title" : "Untitled",
        "transform" : [
          0.99999994,
          0,
          -0,
          0,
          -0,
          0.8660254,
          -0.49999988,
          0,
          0,
          0.49999988,
          0.8660254,
          0,
          -0.0069331373,
          0.2524841,
          0.43731537,
          1
        ]
      },
      {
        "date" : 733359248.917887,
        "title" : "Untitled",
        "transform" : [
          0.99999994,
          0,
          -0,
          0,
          -0,
          0.8660254,
          -0.49999988,
          0,
          0,
          0.49999988,
          0.8660254,
          0,
          0,
          0.2524841,
          0.43731537,
          1
        ]
      }
    ],
    "D66134B1-3681-4A8E-AFE5-29F257229F3B" : [
      {
        "date" : 733353671.662852,
        "title" : "Untitled",
        "transform" : [
          0.99999994,
          0,
          -0,
          0,
          -0,
          0.86602527,
          -0.5000003,
          0,
          0,
          0.5000003,
          0.86602527,
          0,
          0,
          0.50651604,
          0.87731147,
          1
        ]
      }
    ],
    "E4F717A7-DC89-4D13-8699-C12C4FC27AA7" : [
      {
        "date" : 733358661.818683,
        "title" : "Untitled",
        "transform" : [
          0.99999994,
          0,
          -0,
          0,
          -0,
          0.8660254,
          -0.49999988,
          0,
          0,
          0.49999988,
          0.8660254,
          0,
          0,
          0.2526776,
          0.4376505,
          1
        ]
      }
    ]
  },
  "selectedSceneRelativePath" : "Immersive.usda"
}